453
1 62 1 3 3 4
2 62 1 3 6 4
2 63 1 3 6 7
3 63 1 3 9 7
3 64 1 3 9 10
4 64 0 10 2 3
5 67 0 13 4 4
6 67 1 4 16 13
6 68 0 17 3 4
7 68 0 17 3 4
7 69 1 4 18 20
8 69 0 20 3 4
8 70 1 4 21 22
9 74 0 26 2 4
10 74 1 4 28 26
10 75 0 29 3 4
11 75 0 29 3 4
12 62 0 4 5 3
12 96 0 4 5 7
13 96 1 7 6 4
13 97 1 7 6 8
14 64 0 10 5 3
14 65 0 10 5 7
15 65 1 7 12 10
15 66 0 13 6 7
15 67 0 13 6 4
16 66 1 7 16 13
16 68 0 17 6 4
16 90 0 17 6 7
17 68 0 17 6 4
17 90 0 17 6 7
17 100 1 7 18 20
18 71 1 7 24 22
18 72 0 25 6 7
18 73 0 25 6 4
19 72 0 25 6 7
19 76 1 7 26 29
76 19 1 7 29 26
19 73 0 25 6 4
20 75 0 29 6 4
20 76 0 29 6 7
21 95 0 4 9 11
21 96 0 4 9 7
22 96 1 7 6 4
22 97 1 7 6 8
23 65 1 7 9 10
23 97 1 7 9 8
23 98 0 8 8 10
24 65 1 7 12 10
24 66 0 13 8 7
24 88 0 13 8 10
25 66 1 7 15 13
25 90 1 7 15 17
26 89 0 17 8 12
26 90 0 17 8 7
26 100 1 7 18 20
27 71 1 7 21 22
27 82 0 20 8 12
27 100 1 7 21 20
28 71 1 7 24 22
28 72 0 25 8 7
28 81 0 25 8 12
29 72 0 25 8 7
29 76 1 7 26 29
29 81 0 25 8 12
30 76 0 29 9 7
30 77 0 29 9 11
31 95 1 11 4 4
32 94 1 14 3 4
32 95 0 4 13 11
33 93 1 14 6 7
33 94 1 14 6 4
34 98 0 8 12 10
34 99 0 8 12 14
35 87 1 12 13 13
36 85 1 12 15 16
36 87 1 12 15 13
37 82 0 20 11 12
37 89 1 12 19 17
37 100 0 20 11 7
38 81 1 12 21 25
38 82 0 20 11 12
38 100 0 20 11 7
39 72 0 25 11 7
37 81 0 25 11 12
39 81 1 12 24 25
81 39 1 12 25 24
39 82 1 12 24 20
40 72 0 25 11 7
40 78 1 12 26 29
40 81 0 25 11 12
41 78 1 12 29 29
42 82 0 20 13 12
42 83 0 20 13 16
42 89 1 12 19 17
43 81 1 12 21 25
43 82 0 20 13 12
43 83 0 20 13 16
44 80 0 25 13 16
44 81 0 25 13 12
44 82 1 12 24 20
45 78 1 12 26 29
45 80 0 25 13 16
45 81 0 25 13 12
46 94 1 14 2 4
47 94 0 4 17 14
48 93 1 14 6 7
48 94 1 14 6 4
49 94 0 4 17 14
50 91 0 10 15 16
50 92 0 10 15 14
50 99 1 14 9 8
51 91 0 10 17 16
52 86 1 16 11 13
52 91 0 10 15 16
52 92 0 10 15 14
53 86 1 16 11 13
53 91 0 10 17 16
54 84 0 16 15 16
54 85 0 16 15 12
54 86 1 16 15 13
55 84 0 16 17 16
55 86 1 16 15 13
56 83 1 16 18 20
56 84 1 16 18 16
57 80 1 16 21 25
57 83 0 20 17 16
58 80 0 25 17 16
58 83 1 16 24 20
59 79 1 16 27 29
59 80 1 16 27 25
60 79 0 29 17 16
61 78 0 29 15 12
61 79 0 29 15 16
62 1 1 3 4 3
62 2 1 3 4 6
63 2 1 3 7 6
63 3 1 3 7 9
64 3 1 3 10 9
64 4 0 10 3 2
67 5 0 13 4 4
67 6 1 4 13 16
68 6 0 17 4 3
68 7 0 17 4 3
69 7 1 4 20 18
69 8 0 20 4 3
70 8 1 4 22 21
74 9 0 26 4 2
74 10 1 4 26 28
75 10 0 29 4 3
75 11 0 29 4 3
62 12 0 4 3 5
96 12 0 4 7 5
96 13 1 7 4 6
97 13 1 7 8 6
64 14 0 10 3 5
65 14 0 10 7 5
65 15 1 7 10 12
66 15 0 13 7 6
67 15 0 13 4 6
66 16 1 7 13 16
68 16 0 17 4 6
90 16 0 17 7 6
68 17 0 17 4 6
90 17 0 17 7 6
100 17 1 7 20 18
71 18 1 7 22 24
72 18 0 25 7 6
73 18 0 25 4 6
72 19 0 25 7 6
73 19 0 25 4 6
75 20 0 29 4 6
76 20 0 29 7 6
95 21 0 4 11 9
96 21 0 4 7 9
96 22 1 7 4 6
97 22 1 7 8 6
65 23 1 7 10 9
97 23 1 7 8 9
98 23 0 8 10 8
65 24 1 7 10 12
66 24 0 13 7 8
88 24 0 13 10 8
66 25 1 7 13 15
90 25 1 7 17 15
89 26 0 17 12 8
90 26 0 17 7 8
100 26 1 7 20 18
71 27 1 7 22 21
82 27 0 20 12 8
100 27 1 7 20 21
71 28 1 7 22 24
72 28 0 25 7 8
81 28 0 25 12 8
72 29 0 25 7 8
76 29 1 7 29 26
81 29 0 25 12 8
76 30 0 29 7 9
77 30 0 29 11 9
95 31 1 11 4 4
94 32 1 14 4 3
95 32 0 4 11 13
93 33 1 14 7 6
94 33 1 14 4 6
98 34 0 8 10 12
99 34 0 8 14 12
87 35 1 12 13 13
85 36 1 12 16 15
87 36 1 12 13 15
82 37 0 20 12 11
89 37 1 12 17 19
100 37 0 20 7 11
81 38 1 12 25 21
82 38 0 20 12 11
100 38 0 20 7 11
72 39 0 25 7 11
81 37 0 25 12 11
82 39 1 12 20 24
72 40 0 25 7 11
78 40 1 12 29 26
81 40 0 25 12 11
78 41 1 12 29 29
82 42 0 20 12 13
83 42 0 20 16 13
89 42 1 12 17 19
81 43 1 12 25 21
82 43 0 20 12 13
83 43 0 20 16 13
80 44 0 25 16 13
81 44 0 25 12 13
82 44 1 12 20 24
78 45 1 12 29 26
80 45 0 25 16 13
81 45 0 25 12 13
94 46 1 14 4 2
94 47 0 4 14 17
93 48 1 14 7 6
94 48 1 14 4 6
94 49 0 4 14 17
91 50 0 10 16 15
92 50 0 10 14 15
99 50 1 14 8 9
91 51 0 10 16 17
86 52 1 16 13 11
91 52 0 10 16 15
92 52 0 10 14 15
86 53 1 16 13 11
91 53 0 10 16 17
84 54 0 16 16 15
85 54 0 16 12 15
86 54 1 16 13 15
84 55 0 16 16 17
86 55 1 16 13 15
83 56 1 16 20 18
84 56 1 16 16 18
80 57 1 16 25 21
83 57 0 20 16 17
80 58 0 25 16 17
83 58 1 16 20 24
79 59 1 16 29 27
80 59 1 16 25 27
79 60 0 29 16 17
78 61 0 29 12 15
79 61 0 29 16 15
62 63 1 3 4 7
62 96 0 4 3 7
63 64 1 3 7 10
64 65 0 10 3 7
65 66 1 7 10 13
65 97 1 7 10 8
66 67 0 13 7 4
66 88 0 13 7 10
66 90 1 7 13 17
67 68 1 4 13 17
68 69 1 4 17 20
68 90 0 17 4 7
69 70 1 4 20 22
70 71 0 22 4 7
71 72 1 7 22 25
71 100 1 7 22 20
72 73 0 25 7 4
72 76 1 7 25 29
72 81 0 25 7 12
73 74 1 4 25 26
74 75 1 4 26 29
75 76 0 29 4 7
76 77 0 29 7 11
77 78 0 29 11 12
78 79 0 29 12 16
78 81 1 12 29 25
79 80 1 16 29 25
80 81 0 25 16 12
80 83 1 16 25 20
81 82 1 12 25 20
82 83 0 20 12 16
82 89 1 12 20 17
82 100 0 20 12 7
83 84 1 16 20 16
84 85 0 16 16 12
84 86 1 16 16 13
85 87 1 12 16 13
85 89 1 12 16 17
86 87 0 13 16 12
86 91 1 16 13 10
87 88 0 13 12 10
88 98 1 10 13 8
89 90 0 17 12 7
90 100 1 7 17 20
91 92 0 10 16 14
92 99 1 14 10 8
93 94 1 14 7 4
93 99 1 14 7 8
94 95 0 4 14 11
95 96 0 4 11 7
96 97 1 7 4 8
97 98 0 8 7 10
98 99 0 8 10 14
63 62 1 3 7 4
96 62 0 4 7 3
64 63 1 3 10 7
65 64 0 10 7 3
66 65 1 7 13 10
97 65 1 7 8 10
67 66 0 13 4 7
88 66 0 13 10 7
90 66 1 7 17 13
68 67 1 4 17 13
69 68 1 4 20 17
90 68 0 17 7 4
70 69 1 4 22 20
71 70 0 22 7 4
72 71 1 7 25 22
100 71 1 7 20 22
73 72 0 25 4 7
76 72 1 7 29 25
81 72 0 25 12 7
74 73 1 4 26 25
75 74 1 4 29 26
76 75 0 29 7 4
77 76 0 29 11 7
78 77 0 29 12 11
79 78 0 29 16 12
81 78 1 12 25 29
80 79 1 16 25 29
81 80 0 25 12 16
83 80 1 16 20 25
82 81 1 12 20 25
83 82 0 20 16 12
89 82 1 12 17 20
100 82 0 20 7 12
84 83 1 16 16 20
85 84 0 16 12 16
86 84 1 16 13 16
87 85 1 12 13 16
89 85 1 12 17 16
87 86 0 13 12 16
91 86 1 16 10 13
88 87 0 13 10 12
98 88 1 10 8 13
90 89 0 17 7 12
100 90 1 7 20 17
92 91 0 10 14 16
99 92 1 14 8 10
94 93 1 14 4 7
99 93 1 14 8 7
95 94 0 4 11 14
96 95 0 4 7 11
97 96 1 7 8 4
98 97 0 8 10 7
99 98 0 8 14 10
3 4 1 2 10 10
6 7 1 3 17 17
10 11 1 3 29 29
13 22 0 6 7 7
15 24 0 12 7 7
16 17 1 6 17 17
16 25 1 7 16 15
17 26 0 18 7 7
18 19 1 6 25 25
18 28 0 24 7 7
19 29 0 26 7 7
28 29 1 8 25 25
28 40 0 25 8 11
40 28 0 25 11 8
39 29 0 25 11 8
29 39 0 25 8 11
37 38 1 11 20 20
37 42 0 19 12 12
37 27 0 20 11 8
27 37 0 20 8 11
38 43 0 21 12 12
38 27 0 20 11 8
27 38 0 20 8 11
42 43 1 13 20 20
39 40 1 11 25 25
39 44 0 24 12 12
40 45 0 26 12 12
44 45 1 13 25 25
60 61 0 30 16 16
57 58 1 16 18 24
54 55 0 15 16 16
50 52 1 15 10 10
51 53 1 17 10 10
52 53 0 11 16 16
32 46 1 14 3 2
33 48 1 14 6 6
46 47 0 4 15 17
46 48 1 15 4 4
46 49 0 4 15 17
47 48 0 4 17 15
47 49 1 17 4 4
4 3 1 2 10 10
7 6 1 3 17 17
11 10 1 3 29 29
22 13 0 6 7 7
24 15 0 12 7 7
17 16 1 6 17 17
25 16 1 7 15 16
26 17 0 18 7 7
19 18 1 6 25 25
28 18 0 24 7 7
29 19 0 26 7 7
29 28 1 8 25 25
38 37 1 11 20 20
42 37 0 19 12 12
43 38 0 21 12 12
43 42 1 13 20 20
40 39 1 11 25 25
44 39 0 24 12 12
45 40 0 26 12 12
45 44 1 13 25 25
61 60 0 30 16 16
58 57 1 16 24 18
55 54 0 15 16 16
52 50 1 15 10 10
53 51 1 17 10 10
53 52 0 11 16 16
46 32 1 14 2 3
48 33 1 14 6 6
47 46 0 4 17 15
48 46 1 15 4 4
49 46 0 4 17 15
48 47 0 4 15 17
49 47 1 17 4 4
49 48 0 4 17 15
38 44 1 12 21 24
44 38 1 12 24 21
39 43 1 12 21 24
43 39 1 12 24 21
42 89 1 12 19 17
89 42 1 12 17 19
42 85 1 12 19 16
85 42 1 12 16 19